Sample Names	MutationType	CN1	CN2	CN13	CN23
Synthetic_Patient10	0:homdel:0-100kb	0.0026975797393456753	0.010088226948594183	0.0089913814434182	0.9782228118686419
Synthetic_Patient10	0:homdel:100kb-1Mb	0.020890328999225802	0.1184541153028767	0.507432843423475	0.3532227122744226
Synthetic_Patient10	0:homdel:>1Mb	0.03392611448414609	0.1602688568640714	0.6736974200053139	0.13210760864646867
Synthetic_Patient10	1:LOH:0-100kb	0.007753329960785788	0.02314605851473442	0.020723595051209794	0.9483770164732699
Synthetic_Patient10	1:LOH:100kb-1Mb	0.03914782069854937	0.06056421915013528	0.24576591561889657	0.6545220445324189
Synthetic_Patient10	1:LOH:1Mb-10Mb	0.04183005850194148	0.0067040401684368015	0.7485993522546924	0.20286654907492935
Synthetic_Patient10	1:LOH:10Mb-40Mb	0.091717912968807	0.0028119602342403524	0.7973711678198754	0.10809895897707718
Synthetic_Patient10	1:LOH:>40Mb	0.11240132937474993	0.0005692349181329319	0.8778190568373077	0.009210378869809447
Synthetic_Patient10	2:LOH:0-100kb	0.13489739200540501	0.8478609448054436	0.017229551026742326	1.2112162408957698e-05
Synthetic_Patient10	2:LOH:100kb-1Mb	0.030479577883648152	0.41361858771684373	0.5495927184146853	0.006309115984822829
Synthetic_Patient10	2:LOH:1Mb-10Mb	0.020603489002620514	0.46728942471875323	0.48994773819772575	0.02215934808090049
Synthetic_Patient10	2:LOH:10Mb-40Mb	0.020901799092667376	0.7592614493407649	0.1530673858071538	0.0667693657594139
Synthetic_Patient10	2:LOH:>40Mb	0.05693175900650657	0.942011847939018	0.0010563930544754154	0.0
Synthetic_Patient10	3-4:LOH:0-100kb	0.10619121375550186	0.6273376078392031	0.11728885265708447	0.1491823257482106
Synthetic_Patient10	3-4:LOH:100kb-1Mb	0.02486872143883263	0.6181694576397352	0.32520896090059825	0.03175286002083391
Synthetic_Patient10	3-4:LOH:1Mb-10Mb	0.017749576325924533	0.4385475992861226	0.5330666410701858	0.010636183317767077
Synthetic_Patient10	3-4:LOH:10Mb-40Mb	0.0018839846100303199	0.5879208240918797	0.37339650948330444	0.03679868181478554
Synthetic_Patient10	3-4:LOH:>40Mb	0.10375047306628983	0.7362163498046655	0.14319939851198135	0.016833778617063387
Synthetic_Patient10	5-8:LOH:0-100kb	0.02647403288028793	0.3819451493801853	0.5915526831104028	2.8134629123918043e-05
Synthetic_Patient10	5-8:LOH:100kb-1Mb	0.015413633476909792	0.744768512209312	0.23950779931244334	0.0003100550013349321
Synthetic_Patient10	5-8:LOH:1Mb-10Mb	0.006923122826413882	0.4493373699530079	0.5423800918145167	0.0013594154060615467
Synthetic_Patient10	5-8:LOH:10Mb-40Mb	0.009545919960189907	0.7916436210307436	0.19877471367187016	3.574533719629788e-05
Synthetic_Patient10	5-8:LOH:>40Mb	0.009486368657128036	0.8650461189361279	0.12407287006248739	0.0013946423442566026
Synthetic_Patient10	9+:LOH:0-100kb	0.0738824992845812	0.8604809268519421	0.06543072439347464	0.00020584947000194272
Synthetic_Patient10	9+:LOH:100kb-1Mb	0.03524438860054914	0.17160145727815115	0.7856716323255322	0.0074825217957675905
Synthetic_Patient10	9+:LOH:1Mb-10Mb	0.02847057952667963	0.35267258578291827	0.6188038934324621	5.294125794006606e-05
Synthetic_Patient10	9+:LOH:10Mb-40Mb	0.006134454810929696	0.9919809200551443	0.0015328284422599545	0.0003517966916662191
Synthetic_Patient10	9+:LOH:>40Mb	0.0011011587168681554	0.8531203220703061	0.14561893099298984	0.0001595882198359646
Synthetic_Patient10	2:het:0-100kb	0.008278574280128514	0.21091089833793752	0.4224297165761088	0.3583808108058252
Synthetic_Patient10	2:het:100kb-1Mb	0.029173899150442537	0.05298707183605616	0.23106101262978695	0.6867780163837144
Synthetic_Patient10	2:het:1Mb-10Mb	0.03249765443752499	0.003234223136249357	0.31401053999997725	0.6502575824262484
Synthetic_Patient10	2:het:10Mb-40Mb	0.11139372804036907	0.0011968246420181882	0.18048893594155135	0.7069205113760614
Synthetic_Patient10	2:het:>40Mb	0.7326468235331354	5.4986846676737045e-06	0.20994581483363955	0.05740186294855749
Synthetic_Patient10	3-4:het:0-100kb	0.12934691524073658	0.5120234532582644	0.09784749839895925	0.26078213310203985
Synthetic_Patient10	3-4:het:100kb-1Mb	0.03441522257435805	0.433639287520635	0.4919579472731738	0.039987542631833094
Synthetic_Patient10	3-4:het:1Mb-10Mb	0.006975779558759293	0.7016421239253188	0.2233307509564747	0.06805134555944715
Synthetic_Patient10	3-4:het:10Mb-40Mb	0.00676784877027835	0.9121179864764444	0.07649525582221148	0.004618908931065696
Synthetic_Patient10	3-4:het:>40Mb	0.004471606368591165	0.9742599143124973	0.02126801334672809	4.65972183536438e-07
Synthetic_Patient10	5-8:het:0-100kb	0.08615950681106689	0.5988294492890193	0.30406885519481763	0.010942188705096195
Synthetic_Patient10	5-8:het:100kb-1Mb	0.0029191339203729423	0.8751691917110977	0.06042140675466553	0.06149026761386378
Synthetic_Patient10	5-8:het:1Mb-10Mb	0.003175461552184219	0.9029218723014354	2.407515874376195e-05	0.09387859098763658
Synthetic_Patient10	5-8:het:10Mb-40Mb	0.00023458096197066225	0.9349815310438185	0.006580907567326184	0.05820298042688459
Synthetic_Patient10	5-8:het:>40Mb	0.0039454508284142995	0.9946859134188423	0.0013650330262810464	3.6027264623253423e-06
Synthetic_Patient10	9+:het:0-100kb	0.01913137960297362	0.5406095148705409	0.4334250418631839	0.006834063663301679
Synthetic_Patient10	9+:het:100kb-1Mb	0.02796899723427979	0.8546921970438447	0.11730364416433446	3.516155754096592e-05
Synthetic_Patient10	9+:het:1Mb-10Mb	0.009970837647742028	0.6045139184438595	0.38549534150481013	1.990240358840337e-05
Synthetic_Patient10	9+:het:10Mb-40Mb	0.00029785720839551054	0.9800549791910792	0.01958325554048644	6.390806003888349e-05
Synthetic_Patient10	9+:het:>40Mb	0.0017953357785062806	0.958508471550521	0.039639391087020026	5.680158395274108e-05
