Sample Names	MutationType	CN1	CN2	CN13
Synthetic_Patient1	0:homdel:0-100kb	0.1729203787102467	0.5388966508947259	0.2881829703950272
Synthetic_Patient1	0:homdel:100kb-1Mb	0.055958459722293116	0.2644170036910997	0.6796245365866073
Synthetic_Patient1	0:homdel:>1Mb	0.06726937945640528	0.26482025010732385	0.6679103704362709
Synthetic_Patient1	1:LOH:0-100kb	0.20728883592561134	0.5156837502995423	0.27702741377484646
Synthetic_Patient1	1:LOH:100kb-1Mb	0.18422420533913358	0.23750566753200833	0.5782701271288582
Synthetic_Patient1	1:LOH:1Mb-10Mb	0.09919001265575465	0.013247527674408864	0.8875624596698365
Synthetic_Patient1	1:LOH:10Mb-40Mb	0.18613599015447926	0.004755586863507592	0.8091084229820132
Synthetic_Patient1	1:LOH:>40Mb	0.2037048569892456	0.0008596867302532278	0.7954354562805012
Synthetic_Patient1	2:LOH:0-100kb	0.1586910607440293	0.8311746598309557	0.010134279425015004
Synthetic_Patient1	2:LOH:100kb-1Mb	0.04689468165324235	0.5303144308321449	0.42279088751461275
Synthetic_Patient1	2:LOH:1Mb-10Mb	0.0314564185940094	0.5945292302449915	0.37401435116099924
Synthetic_Patient1	2:LOH:10Mb-40Mb	0.02862658730778854	0.8665547589400415	0.10481865375216987
Synthetic_Patient1	2:LOH:>40Mb	0.06757720817907563	0.9317958298702751	0.0006269619506491621
Synthetic_Patient1	3-4:LOH:0-100kb	0.15443366998182087	0.7602798579871908	0.0852864720309882
Synthetic_Patient1	3-4:LOH:100kb-1Mb	0.035394550484128394	0.7331776896931801	0.23142775982269168
Synthetic_Patient1	3-4:LOH:1Mb-10Mb	0.027318000079611444	0.5624661650239738	0.4102158348964147
Synthetic_Patient1	3-4:LOH:10Mb-40Mb	0.0027766241174793033	0.7220667349805423	0.2751566409019782
Synthetic_Patient1	3-4:LOH:>40Mb	0.13151886731254364	0.7777180636839061	0.09076306900355045
Synthetic_Patient1	5-8:LOH:0-100kb	0.04133093263001979	0.4969067018984904	0.4617623654714897
Synthetic_Patient1	5-8:LOH:100kb-1Mb	0.020393584472748135	0.8211615379947295	0.15844487753252245
Synthetic_Patient1	5-8:LOH:1Mb-10Mb	0.010609158484998505	0.5738127492692459	0.4155780922457556
Synthetic_Patient1	5-8:LOH:10Mb-40Mb	0.012419293794359994	0.8582772143328864	0.1293034918727535
Synthetic_Patient1	5-8:LOH:>40Mb	0.011971773940211747	0.9097383974547583	0.07828982860502999
Synthetic_Patient1	9+:LOH:0-100kb	0.08969966227486384	0.8705810947560557	0.039719242969080346
Synthetic_Patient1	9+:LOH:100kb-1Mb	0.06171517303483691	0.25040424990249993	0.6878805770626631
Synthetic_Patient1	9+:LOH:1Mb-10Mb	0.04506504600796949	0.46519385298436877	0.48974110100766177
Synthetic_Patient1	9+:LOH:10Mb-40Mb	0.0073594178787128	0.9917211259193386	0.0009194562019487573
Synthetic_Patient1	9+:LOH:>40Mb	0.0014030283723515296	0.9058276511813904	0.09276932044625791
Synthetic_Patient1	2:het:0-100kb	0.020945026220152416	0.4446754302456438	0.5343795435342038
Synthetic_Patient1	2:het:100kb-1Mb	0.1544734354288347	0.23380188165288743	0.611724682918278
Synthetic_Patient1	2:het:1Mb-10Mb	0.16908415162111146	0.014022957569583834	0.8168928908093048
Synthetic_Patient1	2:het:10Mb-40Mb	0.5497245083926023	0.00492190964982015	0.4453535819575775
Synthetic_Patient1	2:het:>40Mb	0.8746723465385081	5.470516018841323e-06	0.12532218294547307
Synthetic_Patient1	3-4:het:0-100kb	0.21381179466095301	0.7053167396499397	0.08087146568910733
Synthetic_Patient1	3-4:het:100kb-1Mb	0.053626290421840625	0.5630857663024377	0.3832879432757218
Synthetic_Patient1	3-4:het:1Mb-10Mb	0.009918034732502074	0.8313181936944147	0.1587637715730832
Synthetic_Patient1	3-4:het:10Mb-40Mb	0.00840607722886782	0.944088057177074	0.04750586559405818
Synthetic_Patient1	3-4:het:>40Mb	0.005407093739632942	0.9817342004237715	0.012858705836595685
Synthetic_Patient1	5-8:het:0-100kb	0.11687106288900055	0.676901838016838	0.20622709909416143
Synthetic_Patient1	5-8:het:100kb-1Mb	0.0038286861961025565	0.9565474712017857	0.039623842602111735
Synthetic_Patient1	5-8:het:1Mb-10Mb	0.004202445007975503	0.9957816243109225	1.5930681101987833e-05
Synthetic_Patient1	5-8:het:10Mb-40Mb	0.00029971644572478754	0.9954961780523781	0.004204105501897123
Synthetic_Patient1	5-8:het:>40Mb	0.004733407464995318	0.9944477688064168	0.0008188237285877763
Synthetic_Patient1	9+:het:0-100kb	0.02787401268283731	0.6563804591672778	0.3157455281498849
Synthetic_Patient1	9+:het:100kb-1Mb	0.035010948222671645	0.8915700482684247	0.07341900350890372
Synthetic_Patient1	9+:het:1Mb-10Mb	0.0141134018459818	0.7130584338300585	0.2728281643239597
Synthetic_Patient1	9+:het:10Mb-40Mb	0.00036025217652356647	0.9877969751239661	0.011842772699510347
Synthetic_Patient1	9+:het:>40Mb	0.0021884408286401377	0.9736521615489712	0.024159397622388862
Synthetic_Patient10	0:homdel:0-100kb	0.11778092324671229	0.4037633973820286	0.4784556793712591
Synthetic_Patient10	0:homdel:100kb-1Mb	0.027931718403203937	0.14518239882314052	0.8268858827736556
Synthetic_Patient10	0:homdel:>1Mb	0.03386150794911929	0.1466333476570723	0.8195051443938084
Synthetic_Patient10	1:LOH:0-100kb	0.142978004171932	0.3912636026910952	0.46575839313697287
Synthetic_Patient10	1:LOH:100kb-1Mb	0.09931149727313847	0.1408378869163426	0.7598506158105189
Synthetic_Patient10	1:LOH:1Mb-10Mb	0.043557964209667704	0.006399221584356829	0.9500428142059755
Synthetic_Patient10	1:LOH:10Mb-40Mb	0.08603192101521143	0.0024178317175038723	0.9115502472672847
Synthetic_Patient10	1:LOH:>40Mb	0.095032673043419	0.0004411684732497936	0.9045261584833312
Synthetic_Patient10	2:LOH:0-100kb	0.14456878751305569	0.8329272199829612	0.02250399250398307
Synthetic_Patient10	2:LOH:100kb-1Mb	0.028236313582237143	0.3512453105999366	0.6205183758178262
Synthetic_Patient10	2:LOH:1Mb-10Mb	0.01969597839688575	0.40948140120432364	0.5708226203987905
Synthetic_Patient10	2:LOH:10Mb-40Mb	0.023135731220960357	0.7703753001737963	0.2064889686052433
Synthetic_Patient10	2:LOH:>40Mb	0.06176619282558068	0.9368370001947793	0.0013968069796399492
Synthetic_Patient10	3-4:LOH:0-100kb	0.12884211076692245	0.6977213444256958	0.17343654480738185
Synthetic_Patient10	3-4:LOH:100kb-1Mb	0.02517401990123556	0.5736118258015445	0.40121415429722007
Synthetic_Patient10	3-4:LOH:1Mb-10Mb	0.016597284751209564	0.37590424570904946	0.607498469539741
Synthetic_Patient10	3-4:LOH:10Mb-40Mb	0.0018917627768940788	0.5411524229648614	0.4569558142582445
Synthetic_Patient10	3-4:LOH:>40Mb	0.10885127341990808	0.7080441282369737	0.18310459834311826
Synthetic_Patient10	5-8:LOH:0-100kb	0.024121131063646484	0.3189995001857588	0.6568793687505947
Synthetic_Patient10	5-8:LOH:100kb-1Mb	0.015569040000157078	0.6895877737229593	0.29484318627688366
Synthetic_Patient10	5-8:LOH:1Mb-10Mb	0.006411240125847699	0.381438024593931	0.6121507352802213
Synthetic_Patient10	5-8:LOH:10Mb-40Mb	0.009765887578373817	0.7423950844183598	0.2478390280032663
Synthetic_Patient10	5-8:LOH:>40Mb	0.009947336993078777	0.8314909641830779	0.15856169882384336
Synthetic_Patient10	9+:LOH:0-100kb	0.07839820636933136	0.8369841541951334	0.08461763943553526
Synthetic_Patient10	9+:LOH:100kb-1Mb	0.0306450819579914	0.13677389565473366	0.8325810223872748
Synthetic_Patient10	9+:LOH:1Mb-10Mb	0.02574377265518831	0.29232033333934926	0.6819358940054624
Synthetic_Patient10	9+:LOH:10Mb-40Mb	0.006687377677358681	0.9912761052342598	0.002036517088381503
Synthetic_Patient10	9+:LOH:>40Mb	0.0011463224542763743	0.8141015936581786	0.1847520838875449
Synthetic_Patient10	2:het:0-100kb	0.011554995889302585	0.2698514189483488	0.7185935851623487
Synthetic_Patient10	2:het:100kb-1Mb	0.08118496928235269	0.13516445970271398	0.7836505710149334
Synthetic_Patient10	2:het:1Mb-10Mb	0.07771533443733501	0.007089834910956646	0.9151948306517084
Synthetic_Patient10	2:het:10Mb-40Mb	0.33505731748503786	0.00329989658618997	0.6616427859287721
Synthetic_Patient10	2:het:>40Mb	0.7411527926500658	5.098980280686091e-06	0.2588421083696534
Synthetic_Patient10	3-4:het:0-100kb	0.18016060339118975	0.6537399798669311	0.16609941674187917
Synthetic_Patient10	3-4:het:100kb-1Mb	0.0333645187914344	0.385366842112744	0.5812686390958216
Synthetic_Patient10	3-4:het:1Mb-10Mb	0.0075631973731954474	0.6973322964940176	0.29510450613278705
Synthetic_Patient10	3-4:het:10Mb-40Mb	0.007229799745311488	0.8931781317782049	0.09959206847648364
Synthetic_Patient10	3-4:het:>40Mb	0.004842211904800472	0.9670891217545107	0.02806866634068878
Synthetic_Patient10	5-8:het:0-100kb	0.08567370100668727	0.5458318994654121	0.36849439952790075
Synthetic_Patient10	5-8:het:100kb-1Mb	0.0033217418205996547	0.912883410472686	0.08379484770671447
Synthetic_Patient10	5-8:het:1Mb-10Mb	0.003821790602249094	0.9961428956494286	3.53137483222691e-05
Synthetic_Patient10	5-8:het:10Mb-40Mb	0.0002710911162138434	0.9904601210202011	0.009268787863585025
Synthetic_Patient10	5-8:het:>40Mb	0.004300666505253884	0.9938859196834195	0.0018134138113265242
Synthetic_Patient10	9+:het:0-100kb	0.018343931994409403	0.4751615243441856	0.506494543661405
Synthetic_Patient10	9+:het:100kb-1Mb	0.029305299526278104	0.8209003612724117	0.14979433920131024
Synthetic_Patient10	9+:het:1Mb-10Mb	0.009643619570847715	0.5359523364354067	0.45440404399374545
Synthetic_Patient10	9+:het:10Mb-40Mb	0.0003228634050288016	0.9738063146144306	0.025870821980540613
Synthetic_Patient10	9+:het:>40Mb	0.0019330904956656998	0.9460495739419401	0.052017335562394185
Synthetic_Patient2	0:homdel:0-100kb	0.0	0.6065033338627684	0.39349666613723155
Synthetic_Patient2	0:homdel:100kb-1Mb	0.0	0.24281575517416532	0.7571842448258348
Synthetic_Patient2	0:homdel:>1Mb	0.0	0.24630943478482634	0.7536905652151737
Synthetic_Patient2	1:LOH:0-100kb	0.0	0.6054166819644762	0.39458331803552393
Synthetic_Patient2	1:LOH:100kb-1Mb	0.0	0.2529122213437489	0.7470877786562511
Synthetic_Patient2	1:LOH:1Mb-10Mb	0.0	0.012152918782565957	0.9878470812174341
Synthetic_Patient2	1:LOH:10Mb-40Mb	0.0	0.00482118153375083	0.9951788184662492
Synthetic_Patient2	1:LOH:>40Mb	0.0	0.0008900277251321411	0.9991099722748678
Synthetic_Patient2	2:LOH:0-100kb	0.0	0.9854229948099666	0.014577005190033352
Synthetic_Patient2	2:LOH:100kb-1Mb	0.0	0.5083246824514716	0.49167531754852845
Synthetic_Patient2	2:LOH:1Mb-10Mb	0.0	0.5671383525076427	0.43286164749235734
Synthetic_Patient2	2:LOH:10Mb-40Mb	0.0	0.8720272100356536	0.12797278996434622
Synthetic_Patient2	2:LOH:>40Mb	0.0	0.9991843364116972	0.0008156635883028502
Synthetic_Patient2	3-4:LOH:0-100kb	0.0	0.8802057672243317	0.11979423277566825
Synthetic_Patient2	3-4:LOH:100kb-1Mb	0.0	0.723087712224525	0.27691228777547494
Synthetic_Patient2	3-4:LOH:1Mb-10Mb	0.0	0.5305511301798964	0.4694488698201037
Synthetic_Patient2	3-4:LOH:10Mb-40Mb	0.0	0.6838423524601587	0.3161576475398414
Synthetic_Patient2	3-4:LOH:>40Mb	0.0	0.8759713731277525	0.12402862687224755
Synthetic_Patient2	5-8:LOH:0-100kb	0.0	0.470051218093602	0.5299487819063979
Synthetic_Patient2	5-8:LOH:100kb-1Mb	0.0	0.810309503949471	0.189690496050529
Synthetic_Patient2	5-8:LOH:1Mb-10Mb	0.0	0.5322904934325403	0.4677095065674596
Synthetic_Patient2	5-8:LOH:10Mb-40Mb	0.0	0.8454660579567427	0.15453394204325743
Synthetic_Patient2	5-8:LOH:>40Mb	0.0	0.9054624590238289	0.09453754097617105
Synthetic_Patient2	9+:LOH:0-100kb	0.0	0.9475507541547946	0.05244924584520538
Synthetic_Patient2	9+:LOH:100kb-1Mb	0.0	0.23079472015955085	0.7692052798404492
Synthetic_Patient2	9+:LOH:1Mb-10Mb	0.0	0.4391251690114544	0.5608748309885455
Synthetic_Patient2	9+:LOH:10Mb-40Mb	0.0	0.9988764347852441	0.001123565214755844
Synthetic_Patient2	9+:LOH:>40Mb	0.0	0.8894801927322971	0.11051980726770301
Synthetic_Patient2	2:het:0-100kb	0.0	0.4068380464632327	0.5931619535367674
Synthetic_Patient2	2:het:100kb-1Mb	0.0	0.2395589976816769	0.760441002318323
Synthetic_Patient2	2:het:1Mb-10Mb	0.0	0.013951716696935543	0.9860482833030644
Synthetic_Patient2	2:het:10Mb-40Mb	0.0	0.009027041836594425	0.9909729581634057
Synthetic_Patient2	2:het:>40Mb	0.0	3.597822071342461e-05	0.9999640217792867
Synthetic_Patient2	3-4:het:0-100kb	0.0	0.8778788846948834	0.12212111530511673
Synthetic_Patient2	3-4:het:100kb-1Mb	0.0	0.547693270363653	0.45230672963634694
Synthetic_Patient2	3-4:het:1Mb-10Mb	0.0	0.8118849125356938	0.18811508746430622
Synthetic_Patient2	3-4:het:10Mb-40Mb	0.0	0.9424633916655766	0.05753660833442333
Synthetic_Patient2	3-4:het:>40Mb	0.0	0.9843576748834262	0.01564232511657385
Synthetic_Patient2	5-8:het:0-100kb	0.0	0.7301251637049442	0.26987483629505593
Synthetic_Patient2	5-8:het:100kb-1Mb	0.0	0.9521480563157397	0.0478519436842603
Synthetic_Patient2	5-8:het:1Mb-10Mb	0.0	0.9999805908354136	1.9409164586478805e-05
Synthetic_Patient2	5-8:het:10Mb-40Mb	0.0	0.9949024727601516	0.005097527239848423
Synthetic_Patient2	5-8:het:>40Mb	0.0	0.9990020245771228	0.0009979754228770866
Synthetic_Patient2	9+:het:0-100kb	0.0	0.6314665295333796	0.3685334704666205
Synthetic_Patient2	9+:het:100kb-1Mb	0.0	0.9091673694786903	0.09083263052130967
Synthetic_Patient2	9+:het:1Mb-10Mb	0.0	0.6829648236639502	0.31703517633604983
Synthetic_Patient2	9+:het:10Mb-40Mb	0.0	0.9856629704939741	0.014337029506025988
Synthetic_Patient2	9+:het:>40Mb	0.0	0.9707755638355557	0.029224436164444357
Synthetic_Patient3	0:homdel:0-100kb	0.0	0.2661428193887719	0.7338571806112282
Synthetic_Patient3	0:homdel:100kb-1Mb	0.0	0.07016075232092825	0.9298392476790718
Synthetic_Patient3	0:homdel:>1Mb	0.0	0.07140450475493722	0.9285954952450628
Synthetic_Patient3	1:LOH:0-100kb	0.0	0.26525490728232054	0.7347450927176795
Synthetic_Patient3	1:LOH:100kb-1Mb	0.0	0.07377760164039539	0.9262223983596046
Synthetic_Patient3	1:LOH:1Mb-10Mb	0.0	0.0028863341843676084	0.9971136658156324
Synthetic_Patient3	1:LOH:10Mb-40Mb	0.0	0.0011385934050877112	0.9988614065949123
Synthetic_Patient3	1:LOH:>40Mb	0.0	0.00020956091740436983	0.9997904390825956
Synthetic_Patient3	2:LOH:0-100kb	0.0	0.9408499761094008	0.059150023890599195
Synthetic_Patient3	2:LOH:100kb-1Mb	0.0	0.19566415959531736	0.8043358404046826
Synthetic_Patient3	2:LOH:1Mb-10Mb	0.0	0.235639965517942	0.7643600344820579
Synthetic_Patient3	2:LOH:10Mb-40Mb	0.0	0.6158768881637929	0.384123111836207
Synthetic_Patient3	2:LOH:>40Mb	0.0	0.9965425950076402	0.0034574049923596895
Synthetic_Patient3	3-4:LOH:0-100kb	0.0	0.6335463649097546	0.3664536350902454
Synthetic_Patient3	3-4:LOH:100kb-1Mb	0.0	0.3805795037589243	0.6194204962410756
Synthetic_Patient3	3-4:LOH:1Mb-10Mb	0.0	0.21006029061071999	0.78993970938928
Synthetic_Patient3	3-4:LOH:10Mb-40Mb	0.0	0.3372814725103299	0.6627185274896701
Synthetic_Patient3	3-4:LOH:>40Mb	0.0	0.6243145321223122	0.37568546787768775
Synthetic_Patient3	5-8:LOH:0-100kb	0.0	0.17266481530662497	0.827335184693375
Synthetic_Patient3	5-8:LOH:100kb-1Mb	0.0	0.5012758771293018	0.4987241228706982
Synthetic_Patient3	5-8:LOH:1Mb-10Mb	0.0	0.2112217011554051	0.7887782988445948
Synthetic_Patient3	5-8:LOH:10Mb-40Mb	0.0	0.562805341749963	0.43719465825003695
Synthetic_Patient3	5-8:LOH:>40Mb	0.0	0.6926483314653786	0.3073516685346214
Synthetic_Patient3	9+:LOH:0-100kb	0.0	0.809554119311329	0.19044588068867097
Synthetic_Patient3	9+:LOH:100kb-1Mb	0.0	0.06594290940124563	0.9340570905987544
Synthetic_Patient3	9+:LOH:1Mb-10Mb	0.0	0.15556130390117826	0.8444386960988216
Synthetic_Patient3	9+:LOH:10Mb-40Mb	0.0	0.995242221279963	0.004757778720036984
Synthetic_Patient3	9+:LOH:>40Mb	0.0	0.6544196195142956	0.3455803804857044
Synthetic_Patient3	2:het:0-100kb	0.0	0.1389580343467683	0.8610419656532318
Synthetic_Patient3	2:het:100kb-1Mb	0.0	0.06900867160897523	0.9309913283910247
Synthetic_Patient3	2:het:1Mb-10Mb	0.0	0.0033181581660405315	0.9966818418339594
Synthetic_Patient3	2:het:10Mb-40Mb	0.0	0.00213877386834287	0.9978612261316571
Synthetic_Patient3	2:het:>40Mb	0.0	8.465696611930233e-06	0.999991534303388
Synthetic_Patient3	3-4:het:0-100kb	0.0	0.6284507776010908	0.3715492223989092
Synthetic_Patient3	3-4:het:100kb-1Mb	0.0	0.2217384470091954	0.7782615529908046
Synthetic_Patient3	3-4:het:1Mb-10Mb	0.0	0.5038463418637911	0.49615365813620904
Synthetic_Patient3	3-4:het:10Mb-40Mb	0.0	0.7939917218270754	0.20600827817292458
Synthetic_Patient3	3-4:het:>40Mb	0.0	0.9367362906606523	0.0632637093393477
Synthetic_Patient3	5-8:het:0-100kb	0.0	0.38896585247846666	0.6110341475215333
Synthetic_Patient3	5-8:het:100kb-1Mb	0.0	0.8240004769539729	0.175999523046027
Synthetic_Patient3	5-8:het:1Mb-10Mb	0.0	0.9999175162535644	8.248374643555151e-05
Synthetic_Patient3	5-8:het:10Mb-40Mb	0.0	0.978688574834129	0.021311425165870986
Synthetic_Patient3	5-8:het:>40Mb	0.0	0.9957723166061713	0.004227683393828691
Synthetic_Patient3	9+:het:0-100kb	0.0	0.28732621556008486	0.7126737844399151
Synthetic_Patient3	9+:het:100kb-1Mb	0.0	0.7019480568703955	0.2980519431296044
Synthetic_Patient3	9+:het:1Mb-10Mb	0.0	0.33637550458127763	0.6636244954187224
Synthetic_Patient3	9+:het:10Mb-40Mb	0.0	0.9417803875780395	0.05821961242196055
Synthetic_Patient3	9+:het:>40Mb	0.0	0.886569690982359	0.11343030901764097
Synthetic_Patient4	0:homdel:0-100kb	0.0	0.49932989002877254	0.5006701099712275
Synthetic_Patient4	0:homdel:100kb-1Mb	0.0	0.17184296357318565	0.8281570364268143
Synthetic_Patient4	0:homdel:>1Mb	0.0	0.17455087962615048	0.8254491203738495
Synthetic_Patient4	1:LOH:0-100kb	0.0	0.4981921486692896	0.5018078513307105
Synthetic_Patient4	1:LOH:100kb-1Mb	0.0	0.1796886576545513	0.8203113423454487
Synthetic_Patient4	1:LOH:1Mb-10Mb	0.0	0.007897527923579728	0.9921024720764202
Synthetic_Patient4	1:LOH:10Mb-40Mb	0.0	0.0031249053698613237	0.9968750946301388
Synthetic_Patient4	1:LOH:>40Mb	0.0	0.0005760812556582554	0.9994239187443419
Synthetic_Patient4	2:LOH:0-100kb	0.0	0.9776496111071613	0.022350388892838722
Synthetic_Patient4	2:LOH:100kb-1Mb	0.0	0.40082800730263507	0.599171992697365
Synthetic_Patient4	2:LOH:1Mb-10Mb	0.0	0.4588103208511989	0.5411896791488012
Synthetic_Patient4	2:LOH:10Mb-40Mb	0.0	0.8151285170333324	0.18487148296666753
Synthetic_Patient4	2:LOH:>40Mb	0.0	0.998739989587867	0.0012600104121331
Synthetic_Patient4	3-4:LOH:0-100kb	0.0	0.826218727975574	0.17378127202442595
Synthetic_Patient4	3-4:LOH:100kb-1Mb	0.0	0.6282021355639192	0.3717978644360807
Synthetic_Patient4	3-4:LOH:1Mb-10Mb	0.0	0.42239212664770887	0.5776078733522911
Synthetic_Patient4	3-4:LOH:10Mb-40Mb	0.0	0.583259474297028	0.41674052570297215
Synthetic_Patient4	3-4:LOH:>40Mb	0.0	0.8204652742062114	0.1795347257937885
Synthetic_Patient4	5-8:LOH:0-100kb	0.0	0.36464565992685977	0.6353543400731402
Synthetic_Patient4	5-8:LOH:100kb-1Mb	0.0	0.7343301657300852	0.2656698342699147
Synthetic_Patient4	5-8:LOH:1Mb-10Mb	0.0	0.4240972343949917	0.5759027656050084
Synthetic_Patient4	5-8:LOH:10Mb-40Mb	0.0	0.7797407429831476	0.22025925701685242
Synthetic_Patient4	5-8:LOH:>40Mb	0.0	0.8610610442490926	0.13893895575090734
Synthetic_Patient4	9+:LOH:0-100kb	0.0	0.9211965376060747	0.0788034623939252
Synthetic_Patient4	9+:LOH:100kb-1Mb	0.0	0.16258112424693139	0.8374188757530686
Synthetic_Patient4	9+:LOH:1Mb-10Mb	0.0	0.33625430814715906	0.6637456918528409
Synthetic_Patient4	9+:LOH:10Mb-40Mb	0.0	0.9982646445508416	0.0017353554491583525
Synthetic_Patient4	9+:LOH:>40Mb	0.0	0.838907864290439	0.16109213570956102
Synthetic_Patient4	2:het:0-100kb	0.0	0.3073856173903169	0.6926143826096831
Synthetic_Patient4	2:het:100kb-1Mb	0.0	0.1693252530542134	0.8306747469457866
Synthetic_Patient4	2:het:1Mb-10Mb	0.0	0.00907225440032152	0.9909277455996784
Synthetic_Patient4	2:het:10Mb-40Mb	0.0	0.005859696149192329	0.9941403038508078
Synthetic_Patient4	2:het:>40Mb	0.0	2.3280320785575743e-05	0.9999767196792144
Synthetic_Patient4	3-4:het:0-100kb	0.0	0.8230540082696627	0.17694599173033743
Synthetic_Patient4	3-4:het:100kb-1Mb	0.0	0.4393099094069171	0.560690090593083
Synthetic_Patient4	3-4:het:1Mb-10Mb	0.0	0.7363312650810938	0.26366873491890613
Synthetic_Patient4	3-4:het:10Mb-40Mb	0.0	0.9137855086230408	0.08621449137695918
Synthetic_Patient4	3-4:het:>40Mb	0.0	0.9760300137207963	0.0239699862792037
Synthetic_Patient4	5-8:het:0-100kb	0.0	0.6364385701117918	0.3635614298882083
Synthetic_Patient4	5-8:het:100kb-1Mb	0.0	0.9279281478747528	0.0720718521252472
Synthetic_Patient4	5-8:het:1Mb-10Mb	0.0	0.9999700043359251	2.9995664075041288e-05
Synthetic_Patient4	5-8:het:10Mb-40Mb	0.0	0.9921438471492291	0.007856152850770898
Synthetic_Patient4	5-8:het:>40Mb	0.0	0.998458513455019	0.0015414865449809953
Synthetic_Patient4	9+:het:0-100kb	0.0	0.525775962233473	0.474224037766527
Synthetic_Patient4	9+:het:100kb-1Mb	0.0	0.8662490010504005	0.1337509989495995
Synthetic_Patient4	9+:het:1Mb-10Mb	0.0	0.5822733038951315	0.4177266961048684
Synthetic_Patient4	9+:het:10Mb-40Mb	0.0	0.9780147019634049	0.021985298036595012
Synthetic_Patient4	9+:het:>40Mb	0.0	0.9555436236724516	0.04445637632754838
Synthetic_Patient5	0:homdel:0-100kb	0.10972578578338293	0.4445405254802353	0.4457336887363818
Synthetic_Patient5	0:homdel:100kb-1Mb	0.02721337245890371	0.16716653700102674	0.8056200905400694
Synthetic_Patient5	0:homdel:>1Mb	0.0329821828784812	0.168793810592721	0.7982240065287978
Synthetic_Patient5	1:LOH:0-100kb	0.1334822333508235	0.43169234802706735	0.43482541862210916
Synthetic_Patient5	1:LOH:100kb-1Mb	0.09683193276466559	0.16228905763797277	0.7408790095973615
Synthetic_Patient5	1:LOH:1Mb-10Mb	0.043507343640122265	0.007553927462301083	0.9489387288975766
Synthetic_Patient5	1:LOH:10Mb-40Mb	0.08599411750524363	0.002856181890292702	0.9111497006044638
Synthetic_Patient5	1:LOH:>40Mb	0.09502505085130908	0.0005213391050448437	0.904453610043646
Synthetic_Patient5	2:LOH:0-100kb	0.12555462958943425	0.8549011763163472	0.01954419409421855
Synthetic_Patient5	2:LOH:100kb-1Mb	0.026541311542855342	0.3901895062857139	0.5832691821714308
Synthetic_Patient5	2:LOH:1Mb-10Mb	0.018331199275928838	0.45039977742982273	0.5312690232942485
Synthetic_Patient5	2:LOH:10Mb-40Mb	0.020293286386184106	0.7985868805956295	0.18111983301818638
Synthetic_Patient5	2:LOH:>40Mb	0.05277655167132769	0.9460299369211614	0.0011935114075107462
Synthetic_Patient5	3-4:LOH:0-100kb	0.11433744272085178	0.7317509914907718	0.15391156578837642
Synthetic_Patient5	3-4:LOH:100kb-1Mb	0.022796502876362725	0.613881323773599	0.3633221733500381
Synthetic_Patient5	3-4:LOH:1Mb-10Mb	0.015535492464553796	0.4158300569470865	0.5686344505883596
Synthetic_Patient5	3-4:LOH:10Mb-40Mb	0.0017223030548550607	0.5822549247226732	0.4160227722224719
Synthetic_Patient5	3-4:LOH:>40Mb	0.09643649295056066	0.7413424805740443	0.16222102647539496
Synthetic_Patient5	5-8:LOH:0-100kb	0.02279880258553392	0.3563321755125156	0.6208690219019505
Synthetic_Patient5	5-8:LOH:100kb-1Mb	0.013834478665024042	0.7241710907192088	0.2619944306157671
Synthetic_Patient5	5-8:LOH:1Mb-10Mb	0.005995442023653204	0.42155458401378487	0.5724499739625619
Synthetic_Patient5	5-8:LOH:10Mb-40Mb	0.008604450848541686	0.7730315020855437	0.2183640470659146
Synthetic_Patient5	5-8:LOH:>40Mb	0.008640990529944203	0.8536206239200324	0.13773838555002343
Synthetic_Patient5	9+:LOH:0-100kb	0.06804342957775446	0.8585151658722047	0.07344140455004096
Synthetic_Patient5	9+:LOH:100kb-1Mb	0.029901492216830382	0.15771970602565824	0.8123788017575113
Synthetic_Patient5	9+:LOH:1Mb-10Mb	0.024444564778051004	0.32803471792975714	0.6475207172921918
Synthetic_Patient5	9+:LOH:10Mb-40Mb	0.005666155102509755	0.9926083222414649	0.001725522656025436
Synthetic_Patient5	9+:LOH:>40Mb	0.0009985226567865984	0.8380701957809884	0.16093128156222486
Synthetic_Patient5	2:het:0-100kb	0.011014577807403524	0.3039998945906945	0.684985527601902
Synthetic_Patient5	2:het:100kb-1Mb	0.07923767518162124	0.15590831365265784	0.7648540111657209
Synthetic_Patient5	2:het:1Mb-10Mb	0.07761528361054124	0.008368108802053586	0.9140166075874052
Synthetic_Patient5	2:het:10Mb-40Mb	0.33485640993521804	0.0038975393333625643	0.6612460507314193
Synthetic_Patient5	2:het:>40Mb	0.7411521055373439	6.02606201776149e-06	0.25884186840063833
Synthetic_Patient5	3-4:het:0-100kb	0.16102131742540257	0.6905247675458233	0.14845391502877409
Synthetic_Patient5	3-4:het:100kb-1Mb	0.03117984966371513	0.42561229247582916	0.5432078578604558
Synthetic_Patient5	3-4:het:1Mb-10Mb	0.006712176072292868	0.7313888799823354	0.2618989439453717
Synthetic_Patient5	3-4:het:10Mb-40Mb	0.006219738880973932	0.9081020013661876	0.08567825975283852
Synthetic_Patient5	3-4:het:>40Mb	0.004118107076461215	0.9720106176144541	0.02387127530908463
Synthetic_Patient5	5-8:het:0-100kb	0.07793887811840172	0.586835261965999	0.3352258599155993
Synthetic_Patient5	5-8:het:100kb-1Mb	0.002848886973909833	0.9252845854615482	0.07186652756454202
Synthetic_Patient5	5-8:het:1Mb-10Mb	0.0032357429092958146	0.9967343584848867	2.9898605817700856e-05
Synthetic_Patient5	5-8:het:10Mb-40Mb	0.00022972194750066135	0.9919159299324611	0.007854348120038157
Synthetic_Patient5	5-8:het:>40Mb	0.003642451695555731	0.9948216765497427	0.0015358717547015533
Synthetic_Patient5	9+:het:0-100kb	0.01688517131431443	0.5168981450382124	0.4662166836474733
Synthetic_Patient5	9+:het:100kb-1Mb	0.02549939695016547	0.844160173914932	0.13034042913490249
Synthetic_Patient5	9+:het:1Mb-10Mb	0.008787330429945988	0.5771566759732687	0.4140559935967853
Synthetic_Patient5	9+:het:10Mb-40Mb	0.0002742974752966748	0.9777464349998534	0.021979267524849928
Synthetic_Patient5	9+:het:>40Mb	0.0016493819360529033	0.9539675672804557	0.04438305078349137
Synthetic_Patient6	0:homdel:0-100kb	0.0	0.3442222689182924	0.6557777310817077
Synthetic_Patient6	0:homdel:100kb-1Mb	0.0	0.09845808401217732	0.9015419159878226
Synthetic_Patient6	0:homdel:>1Mb	0.0	0.1001494395338873	0.8998505604661127
Synthetic_Patient6	1:LOH:0-100kb	0.0	0.3431956872878124	0.6568043127121875
Synthetic_Patient6	1:LOH:100kb-1Mb	0.0	0.10337151445210899	0.896628485547891
Synthetic_Patient6	1:LOH:1Mb-10Mb	0.0	0.0041722015758859235	0.9958277984241141
Synthetic_Patient6	1:LOH:10Mb-40Mb	0.0	0.0016471251416006118	0.9983528748583993
Synthetic_Patient6	1:LOH:>40Mb	0.0	0.0003032834210330861	0.9996967165789669
Synthetic_Patient6	2:LOH:0-100kb	0.0	0.9583716303296037	0.04162836967039618
Synthetic_Patient6	2:LOH:100kb-1Mb	0.0	0.2604039363814922	0.7395960636185077
Synthetic_Patient6	2:LOH:1Mb-10Mb	0.0	0.30853295501361433	0.6914670449863857
Synthetic_Patient6	2:LOH:10Mb-40Mb	0.0	0.698850707099005	0.30114929290099507
Synthetic_Patient6	2:LOH:>40Mb	0.0	0.9976086919826475	0.0023913080173524563
Synthetic_Patient6	3-4:LOH:0-100kb	0.0	0.7144729168846753	0.28552708311532465
Synthetic_Patient6	3-4:LOH:100kb-1Mb	0.0	0.47069805656226277	0.5293019434377373
Synthetic_Patient6	3-4:LOH:1Mb-10Mb	0.0	0.27791751586972946	0.7220824841302705
Synthetic_Patient6	3-4:LOH:10Mb-40Mb	0.0	0.4241682025511443	0.5758317974488558
Synthetic_Patient6	3-4:LOH:>40Mb	0.0	0.7063348103593804	0.2936651896406196
Synthetic_Patient6	5-8:LOH:0-100kb	0.0	0.23198961312887326	0.7680103868711267
Synthetic_Patient6	5-8:LOH:100kb-1Mb	0.0	0.5926305191135209	0.407369480886479
Synthetic_Patient6	5-8:LOH:1Mb-10Mb	0.0	0.279321442361237	0.720678557638763
Synthetic_Patient6	5-8:LOH:10Mb-40Mb	0.0	0.6507419903995769	0.3492580096004231
Synthetic_Patient6	5-8:LOH:>40Mb	0.0	0.7653569396718476	0.23464306032815238
Synthetic_Patient6	9+:LOH:0-100kb	0.0	0.8601892364728333	0.13981076352716676
Synthetic_Patient6	9+:LOH:100kb-1Mb	0.0	0.09270870596065056	0.9072912940393495
Synthetic_Patient6	9+:LOH:1Mb-10Mb	0.0	0.21050481217265624	0.7894951878273437
Synthetic_Patient6	9+:LOH:10Mb-40Mb	0.0	0.996707966210497	0.003292033789502985
Synthetic_Patient6	9+:LOH:>40Mb	0.0	0.7326815518990647	0.26731844810093536
Synthetic_Patient6	2:het:0-100kb	0.0	0.18935230225836022	0.8106476977416397
Synthetic_Patient6	2:het:100kb-1Mb	0.0	0.0968897622153371	0.9031102377846629
Synthetic_Patient6	2:het:1Mb-10Mb	0.0	0.004795478749045224	0.9952045212509547
Synthetic_Patient6	2:het:10Mb-40Mb	0.0	0.0030926346624592384	0.9969073653375407
Synthetic_Patient6	2:het:>40Mb	0.0	1.2252935532957127e-05	0.9999877470644671
Synthetic_Patient6	3-4:het:0-100kb	0.0	0.7099875087956625	0.2900124912043376
Synthetic_Patient6	3-4:het:100kb-1Mb	0.0	0.29197378316612127	0.7080262168338788
Synthetic_Patient6	3-4:het:1Mb-10Mb	0.0	0.5951104480129547	0.4048895519870454
Synthetic_Patient6	3-4:het:10Mb-40Mb	0.0	0.8479875730490738	0.15201242695092632
Synthetic_Patient6	3-4:het:>40Mb	0.0	0.9554187762587617	0.0445812237412382
Synthetic_Patient6	5-8:het:0-100kb	0.0	0.47953287738827316	0.5204671226117269
Synthetic_Patient6	5-8:het:100kb-1Mb	0.0	0.8714047678612731	0.12859523213872695
Synthetic_Patient6	5-8:het:1Mb-10Mb	0.0	0.9999430097767711	5.699022322894606e-05
Synthetic_Patient6	5-8:het:10Mb-40Mb	0.0	0.9851781083254151	0.01482189167458491
Synthetic_Patient6	5-8:het:>40Mb	0.0	0.9970752332043326	0.0029247667956674357
Synthetic_Patient6	9+:het:0-100kb	0.0	0.368499691693796	0.6315003083062041
Synthetic_Patient6	9+:het:100kb-1Mb	0.0	0.7731771111653969	0.22682288883460316
Synthetic_Patient6	9+:het:1Mb-10Mb	0.0	0.4231778770825881	0.5768221229174119
Synthetic_Patient6	9+:het:10Mb-40Mb	0.0	0.9590384308065575	0.040961569193442536
Synthetic_Patient6	9+:het:>40Mb	0.0	0.918782458796197	0.08121754120380295
Synthetic_Patient7	0:homdel:0-100kb	0.0	0.41314306371810794	0.586856936281892
Synthetic_Patient7	0:homdel:100kb-1Mb	0.0	0.12775806998291164	0.8722419300170884
Synthetic_Patient7	0:homdel:>1Mb	0.0	0.12988024162483316	0.870119758375167
Synthetic_Patient7	1:LOH:0-100kb	0.0	0.4120400860649643	0.5879599139350357
Synthetic_Patient7	1:LOH:100kb-1Mb	0.0	0.1339164858689809	0.866083514131019
Synthetic_Patient7	1:LOH:1Mb-10Mb	0.0	0.005587704726676174	0.9944122952733239
Synthetic_Patient7	1:LOH:10Mb-40Mb	0.0	0.0022078447628301073	0.9977921552371699
Synthetic_Patient7	1:LOH:>40Mb	0.0	0.00040671450417119716	0.9995932854958288
Synthetic_Patient7	2:LOH:0-100kb	0.0	0.96862909569809	0.031370904301909974
Synthetic_Patient7	2:LOH:100kb-1Mb	0.0	0.32075093388063475	0.6792490661193652
Synthetic_Patient7	2:LOH:1Mb-10Mb	0.0	0.37438754047360706	0.6256124595263929
Synthetic_Patient7	2:LOH:10Mb-40Mb	0.0	0.7568300605160977	0.2431699394839024
Synthetic_Patient7	2:LOH:>40Mb	0.0	0.9982159218982215	0.0017840781017784333
Synthetic_Patient7	3-4:LOH:0-100kb	0.0	0.770432580536144	0.22956741946385603
Synthetic_Patient7	3-4:LOH:100kb-1Mb	0.0	0.5439376170600172	0.4560623829399829
Synthetic_Patient7	3-4:LOH:1Mb-10Mb	0.0	0.3404548708467772	0.6595451291532227
Synthetic_Patient7	3-4:LOH:10Mb-40Mb	0.0	0.4969654554757095	0.5030345445242904
Synthetic_Patient7	3-4:LOH:>40Mb	0.0	0.7633611745579274	0.2366388254420726
Synthetic_Patient7	5-8:LOH:0-100kb	0.0	0.2883187548388093	0.7116812451611906
Synthetic_Patient7	5-8:LOH:100kb-1Mb	0.0	0.6611442929258703	0.33885570707412965
Synthetic_Patient7	5-8:LOH:1Mb-10Mb	0.0	0.34202507363880624	0.6579749263611938
Synthetic_Patient7	5-8:LOH:10Mb-40Mb	0.0	0.7141956576045476	0.28580434239545244
Synthetic_Patient7	5-8:LOH:>40Mb	0.0	0.8139409974851594	0.18605900251484064
Synthetic_Patient7	9+:LOH:0-100kb	0.0	0.8919108448071198	0.1080891551928802
Synthetic_Patient7	9+:LOH:100kb-1Mb	0.0	0.12052647901543806	0.8794735209845619
Synthetic_Patient7	9+:LOH:1Mb-10Mb	0.0	0.26340643797531754	0.7365935620246824
Synthetic_Patient7	9+:LOH:10Mb-40Mb	0.0	0.9975433560930218	0.0024566439069782426
Synthetic_Patient7	9+:LOH:>40Mb	0.0	0.7861407429370902	0.2138592570629097
Synthetic_Patient7	2:het:0-100kb	0.0	0.23854428340148748	0.7614557165985125
Synthetic_Patient7	2:het:100kb-1Mb	0.0	0.1257881523710476	0.8742118476289523
Synthetic_Patient7	2:het:1Mb-10Mb	0.0	0.006421077709198157	0.9935789222908018
Synthetic_Patient7	2:het:10Mb-40Mb	0.0	0.004143397001622522	0.9958566029983774
Synthetic_Patient7	2:het:>40Mb	0.0	1.6433280134533788e-05	0.9999835667198654
Synthetic_Patient7	3-4:het:0-100kb	0.0	0.7665390063222935	0.2334609936777064
Synthetic_Patient7	3-4:het:100kb-1Mb	0.0	0.3561141998369022	0.6438858001630977
Synthetic_Patient7	3-4:het:1Mb-10Mb	0.0	0.6634439985077297	0.33655600149227016
Synthetic_Patient7	3-4:het:10Mb-40Mb	0.0	0.8820981569778739	0.11790184302212606
Synthetic_Patient7	3-4:het:>40Mb	0.0	0.9663783158163638	0.03362168418363629
Synthetic_Patient7	5-8:het:0-100kb	0.0	0.5527116393175631	0.4472883606824368
Synthetic_Patient7	5-8:het:100kb-1Mb	0.0	0.9008749292561318	0.09912507074386823
Synthetic_Patient7	5-8:het:1Mb-10Mb	0.0	0.9999575066736501	4.249332634983239e-05
Synthetic_Patient7	5-8:het:10Mb-40Mb	0.0	0.9889067626980138	0.011093237301986157
Synthetic_Patient7	5-8:het:>40Mb	0.0	0.9978176291010172	0.0021823708989826855
Synthetic_Patient7	9+:het:0-100kb	0.0	0.4390271227224481	0.560972877277552
Synthetic_Patient7	9+:het:100kb-1Mb	0.0	0.8205216705914817	0.17947832940851816
Synthetic_Patient7	9+:het:1Mb-10Mb	0.0	0.4959515524625267	0.5040484475374732
Synthetic_Patient7	9+:het:10Mb-40Mb	0.0	0.9691368839501133	0.03086311604988678
Synthetic_Patient7	9+:het:>40Mb	0.0	0.9381655238451223	0.06183447615487769
Synthetic_Patient8	0:homdel:0-100kb	0.0	0.66607074713783	0.3339292528621699
Synthetic_Patient8	0:homdel:100kb-1Mb	0.0	0.29328667562964544	0.7067133243703545
Synthetic_Patient8	0:homdel:>1Mb	0.0	0.2972214872151107	0.7027785127848892
Synthetic_Patient8	1:LOH:0-100kb	0.0	0.6650577485829028	0.33494225141709727
Synthetic_Patient8	1:LOH:100kb-1Mb	0.0	0.3046374252877993	0.6953625747122008
Synthetic_Patient8	1:LOH:1Mb-10Mb	0.0	0.01567129138584122	0.9843287086141587
Synthetic_Patient8	1:LOH:10Mb-40Mb	0.0	0.006230341512075492	0.9937696584879244
Synthetic_Patient8	1:LOH:>40Mb	0.0	0.0011514991542378482	0.9988485008457623
Synthetic_Patient8	2:LOH:0-100kb	0.0	0.9886985091963151	0.011301490803684961
Synthetic_Patient8	2:LOH:100kb-1Mb	0.0	0.5722729774291844	0.42772702257081574
Synthetic_Patient8	2:LOH:1Mb-10Mb	0.0	0.6290198448602808	0.3709801551397191
Synthetic_Patient8	2:LOH:10Mb-40Mb	0.0	0.8981496454758896	0.10185035452411031
Synthetic_Patient8	2:LOH:>40Mb	0.0	0.9993695976371629	0.000630402362837054
Synthetic_Patient8	3-4:LOH:0-100kb	0.0	0.9048409320514041	0.09515906794859585
Synthetic_Patient8	3-4:LOH:100kb-1Mb	0.0	0.7716512856020112	0.2283487143979887
Synthetic_Patient8	3-4:LOH:1Mb-10Mb	0.0	0.5939179762520226	0.4060820237479775
Synthetic_Patient8	3-4:LOH:10Mb-40Mb	0.0	0.7367831789618653	0.2632168210381347
Synthetic_Patient8	3-4:LOH:>40Mb	0.0	0.9013797580554938	0.09862024194450626
Synthetic_Patient8	5-8:LOH:0-100kb	0.0	0.5344180846863992	0.4655819153136008
Synthetic_Patient8	5-8:LOH:100kb-1Mb	0.0	0.8468170366176627	0.15318296338233733
Synthetic_Patient8	5-8:LOH:1Mb-10Mb	0.0	0.5956015139305619	0.404398486069438
Synthetic_Patient8	5-8:LOH:10Mb-40Mb	0.0	0.8762408188466481	0.12375918115335187
Synthetic_Patient8	5-8:LOH:>40Mb	0.0	0.9253442243712285	0.07465577562877145
Synthetic_Patient8	9+:LOH:0-100kb	0.0	0.9589820922266917	0.04101790777330831
Synthetic_Patient8	9+:LOH:100kb-1Mb	0.0	0.2796899431035305	0.7203100568964695
Synthetic_Patient8	9+:LOH:1Mb-10Mb	0.0	0.5032789134478555	0.4967210865521445
Synthetic_Patient8	9+:LOH:10Mb-40Mb	0.0	0.9991315687569758	0.0008684312430240768
Synthetic_Patient8	9+:LOH:>40Mb	0.0	0.9123979298594603	0.08760207014053965
Synthetic_Patient8	2:het:0-100kb	0.0	0.4702294614558967	0.5297705385441033
Synthetic_Patient8	2:het:100kb-1Mb	0.0	0.28961189816425353	0.7103881018357465
Synthetic_Patient8	2:het:1Mb-10Mb	0.0	0.01798137717246629	0.9820186228275338
Synthetic_Patient8	2:het:10Mb-40Mb	0.0	0.011651120273782598	0.9883488797262173
Synthetic_Patient8	2:het:>40Mb	0.0	4.655955764971377e-05	0.9999534404423502
Synthetic_Patient8	3-4:het:0-100kb	0.0	0.9029397972151773	0.09706020278482277
Synthetic_Patient8	3-4:het:100kb-1Mb	0.0	0.6104451953477336	0.38955480465226644
Synthetic_Patient8	3-4:het:1Mb-10Mb	0.0	0.8481460650847684	0.15185393491523158
Synthetic_Patient8	3-4:het:10Mb-40Mb	0.0	0.9549508077114713	0.04504919228852876
Synthetic_Patient8	3-4:het:>40Mb	0.0	0.9878696243919549	0.012130375608045064
Synthetic_Patient8	5-8:het:0-100kb	0.0	0.7778337442490298	0.2221662557509701
Synthetic_Patient8	5-8:het:100kb-1Mb	0.0	0.9626169407793048	0.03738305922069526
Synthetic_Patient8	5-8:het:1Mb-10Mb	0.0	0.9999850019430241	1.4998056975860056e-05
Synthetic_Patient8	5-8:het:10Mb-40Mb	0.0	0.9960564329418214	0.003943567058178607
Synthetic_Patient8	5-8:het:>40Mb	0.0	0.999228662224108	0.0007713377758920844
Synthetic_Patient8	9+:het:0-100kb	0.0	0.6891915657968914	0.3108084342031085
Synthetic_Patient8	9+:het:100kb-1Mb	0.0	0.9283316433796781	0.07166835662032185
Synthetic_Patient8	9+:het:1Mb-10Mb	0.0	0.7359958642564861	0.26400413574351383
Synthetic_Patient8	9+:het:10Mb-40Mb	0.0	0.9888851695516864	0.011114830448313708
Synthetic_Patient8	9+:het:>40Mb	0.0	0.9772664870323575	0.022733512967642557
Synthetic_Patient9	0:homdel:0-100kb	0.08455960437407943	0.21082020725634304	0.7046201883695775
Synthetic_Patient9	0:homdel:100kb-1Mb	0.015265777667807894	0.05770753819842065	0.9270266841337713
Synthetic_Patient9	0:homdel:>1Mb	0.01858949318518398	0.05854520168849353	0.9228653051263225
Synthetic_Patient9	1:LOH:0-100kb	0.10338735022532877	0.20576188296744627	0.6908507668072249
Synthetic_Patient9	1:LOH:100kb-1Mb	0.056413941963552525	0.05818401949733076	0.8854020385391168
Synthetic_Patient9	1:LOH:1Mb-10Mb	0.02181150615475682	0.002330464720543951	0.9758580291246992
Synthetic_Patient9	1:LOH:10Mb-40Mb	0.04394681996160028	0.0008982375499928656	0.9551549424884068
Synthetic_Patient9	1:LOH:>40Mb	0.048714923451294946	0.0001644715747100366	0.951120604973995
Synthetic_Patient9	2:LOH:0-100kb	0.18150596365126062	0.7605376478690027	0.05795638847973671
Synthetic_Patient9	2:LOH:100kb-1Mb	0.018140369660746454	0.16411412932252323	0.8177455010167304
Synthetic_Patient9	2:LOH:1Mb-10Mb	0.013232819960626125	0.20008122009566254	0.7866859599437114
Synthetic_Patient9	2:LOH:10Mb-40Mb	0.022975459199020415	0.556391673060576	0.42063286774040365
Synthetic_Patient9	2:LOH:>40Mb	0.0828001192474785	0.9133589019908792	0.0038409787616423287
Synthetic_Patient9	3-4:LOH:0-100kb	0.12987551894556607	0.511503695335718	0.358620785718716
Synthetic_Patient9	3-4:LOH:100kb-1Mb	0.019894911968169914	0.3296892972269929	0.6504157908048372
Synthetic_Patient9	3-4:LOH:1Mb-10Mb	0.010804589094178859	0.17796956657887447	0.8112258443269467
Synthetic_Patient9	3-4:LOH:10Mb-40Mb	0.001419387259988185	0.2952916292963912	0.7032889834436206
Synthetic_Patient9	3-4:LOH:>40Mb	0.10891753517989267	0.5152546477458958	0.37582781707421165
Synthetic_Patient9	5-8:LOH:0-100kb	0.015042185155666596	0.14467735692215644	0.840280457922177
Synthetic_Patient9	5-8:LOH:100kb-1Mb	0.013877461327967066	0.44702832904195966	0.5390942096300733
Synthetic_Patient9	5-8:LOH:1Mb-10Mb	0.004164455746983204	0.18019282526624483	0.815642718986772
Synthetic_Patient9	5-8:LOH:10Mb-40Mb	0.009229842899495126	0.5102875563572787	0.480482600743226
Synthetic_Patient9	5-8:LOH:>40Mb	0.01058314250892705	0.6433727301694327	0.34604412732164025
Synthetic_Patient9	9+:LOH:0-100kb	0.09108777132762662	0.707242722393314	0.20166950627905939
Synthetic_Patient9	9+:LOH:100kb-1Mb	0.016673280863850035	0.054120375043191934	0.929206344092958
Synthetic_Patient9	9+:LOH:1Mb-10Mb	0.015724429651014834	0.1298551079085754	0.8544204624404098
Synthetic_Patient9	9+:LOH:10Mb-40Mb	0.009138346993282637	0.9851531105941188	0.005708542412598472
Synthetic_Patient9	9+:LOH:>40Mb	0.001179102879289485	0.6090049283082666	0.38981596881244407
Synthetic_Patient9	2:het:0-100kb	0.006870413439605741	0.11669038826153943	0.8764391982988547
Synthetic_Patient9	2:het:100kb-1Mb	0.045431514628254836	0.05500996894094539	0.8995585164307996
Synthetic_Patient9	2:het:1Mb-10Mb	0.03964675039508386	0.002630475739952085	0.9577227738649641
Synthetic_Patient9	2:het:10Mb-40Mb	0.19771205140527037	0.0014161578592051484	0.8008717907355245
Synthetic_Patient9	2:het:>40Mb	0.5826147665419655	2.9151061430439333e-06	0.4173823183518914
Synthetic_Patient9	3-4:het:0-100kb	0.18082520586335146	0.47720115664642443	0.3419736374902242
Synthetic_Patient9	3-4:het:100kb-1Mb	0.022154729778387644	0.18610294161844296	0.7917423286031695
Synthetic_Patient9	3-4:het:1Mb-10Mb	0.006752513945408953	0.45279032367958433	0.5404571623750066
Synthetic_Patient9	3-4:het:10Mb-40Mb	0.008395952961090625	0.7543607990623936	0.2372432479765157
Synthetic_Patient9	3-4:het:>40Mb	0.006323435535847719	0.9184871916258878	0.0751893728382647
Synthetic_Patient9	5-8:het:0-100kb	0.06917379344920223	0.320516417124287	0.6103097894265107
Synthetic_Patient9	5-8:het:100kb-1Mb	0.003958583650199167	0.7912005290991613	0.20484088725063954
Synthetic_Patient9	5-8:het:1Mb-10Mb	0.005247104745433293	0.994653441303058	9.945395150868814e-05
